3067
4267
5467
6667
7867
9067
10267
11467
12067
12367
12667
13867
15067
16267
16867
17467
18667
19867
21067
21667
22267
23467
24667
25867
26467
27067
28267
29467
30667
31267
31867
33067
34267
35467
36067
36667
37867
38467
39067
39667
40267
40867
41467
42667
43867
45067
46267
47467
48667
49867
50467
51067
52267
53467
54067
54667
55867
57067
57667
58267
58867
59467
60067
63067
63667
64267
64567
64867
65467
66067
66667
66967
67267
67867
68467
69067
69367
69667
70267
70867
71467
71767
72067
72367
72667
73267
73867
74167
74467
75067
75667
76267
76567
76867
77467
78067
78667
78967
79267
79867
80467
81067
81367
81667
82267
83467
84667
85867
87067
88267
89467
90667
91267
91867
93067
94267
95467
96667
97867
99067
99667
100267
100867
101467
102667
103867
105067
106267
106867
107467
108067
108667
109267
109867
110467
111067
112267
113467
114667
115267
115867
117067
118267
119467
120667
121867
123067
124267
124867
125467
126667
127867
129067
129667
130267
130867
131467
131767
132067
132667
133267
133867
134167
134467
135067
135667
136267
136567
136867
137467
138067
138667
138967
139267
139567
139867
140467
141067
141367
141667
142267
142867
143467
144067
144367
144667
145267
145867
146167
146467
147067
147667
148267
148867
149467
153067
155467
157867
160267
162667
165067
167467
169867
170467
171067
171667
172267
173467
174667
175867
177067
177667
178267
178867
179467
180667
181867
183067
183667
184267
185467
186067
186667
187867
189067
189667
190267
190867
191467
192067
192667
192967
193267
193867
194467
195067
195367
195667
196267
196867
197467
197767
198067
198667
199267
199867
200167
200467
200767
201067
201667
202267
202567
202867
203467
204067
204667
204967
205267
205867
206467
207067
207367
207667
208267
208867
209467
209767
210067
210367
211567
212167
212467
212767
213067
213367
213667
214267
214867
215467
216067
217267
217867
218467
219067
219667
220267
220867
221467
222067
223267
224467
225067
225667
226867
228067
229267
230467
231667
232267
232867
234067
234667
235267
236467
237667
238867
240067
241267
241867
242467
243667
244867
246067
247267
247867
248467
249067
249667
