3067
4267
5467
5917
6367
6667
7117
7567
7867
9067
9517
9817
9967
10267
10867
11017
11167
11317
11467
11767
12067
12217
12367
12517
12667
12967
13267
13567
13867
14167
14467
14767
14917
15067
15367
15667
15967
16267
16567
16717
16867
17017
17167
17467
17767
18067
18367
18667
18967
19267
19567
19717
19867
20167
20467
20767
21067
21367
21517
21667
21817
21967
22117
22267
22567
23017
23167
23467
23767
24217
24367
24667
24967
25117
25417
25567
25867
26167
26317
26467
26617
26767
27067
27367
27817
27967
28267
28567
29017
29167
29467
29767
29917
30217
30367
30667
30967
31117
31267
31417
31567
31717
31867
32167
32317
32617
32767
33067
33367
33517
33817
33967
34267
34567
34717
35017
35167
35467
35617
35767
35917
36217
36367
36667
36967
37117
37267
37567
37867
38167
38317
38467
38767
39067
39367
39667
39967
40267
40567
40717
40867
41017
41167
41317
41467
41767
42067
42367
42667
42967
43117
43267
43567
43867
44167
44467
44767
45067
45367
45517
45667
45967
46267
46567
46717
46867
47167
47467
47767
48067
48367
48667
48967
49117
49267
49567
49867
50167
50317
50467
50617
50767
50917
51067
51367
51667
51967
52267
52567
52717
52867
53167
53467
53767
54067
54367
54667
54967
55117
55267
55567
55867
56167
56467
56767
57067
57367
57667
57967
58267
58567
58717
58867
59167
59317
59467
59767
60067
60367
62767
63067
63367
63517
63667
63967
64267
64567
64867
65167
65467
65767
65917
66067
66367
66667
66967
67267
67417
67567
67717
67867
68167
68467
68767
68917
69067
69367
69667
69967
70267
70567
70717
70867
71167
71467
71767
71917
72067
72217
72367
72517
72667
72967
73117
73267
73567
73867
74167
74467
74767
75067
75367
75517
75667
75967
76267
76567
76867
77017
77167
77317
77467
77767
78067
78367
78517
78667
78967
79267
79567
79867
80167
80317
80467
80767
81067
81217
81367
81517
81667
81967
82267
82567
82867
83167
83317
83467
83767
84067
84367
84667
84967
85267
85567
85867
86167
86467
86617
86767
87067
87367
87667
87967
88267
88567
88867
89167
89317
89467
89767
90067
90367
90667
90967
91117
91267
91567
91717
91867
92167
92467
92767
93067
93367
93667
93967
94267
94567
94867
95167
95467
95767
95917
96067
96367
96667
96967
97267
97567
97867
98167
98467
98767
99067
99367
99517
99667
99967
100267
100567
100717
100867
101167
101467
101767
102067
102367
102667
102967
103267
103567
103867
104167
104317
104467
104767
105067
105367
105517
105667
105817
105967
106267
106567
106867
107167
107467
107767
107917
108067
108367
108667
108967
109267
109567
109867
110167
110317
110467
110617
110767
110917
111067
111367
111667
111967
112267
112567
112717
112867
113167
113467
113767
114067
114367
114667
114967
115117
115267
115567
115867
116167
116317
116467
116767
117067
117367
117667
117967
118267
118567
118717
118867
119167
119467
119767
120067
120367
120667
120967
121267
121567
121867
122167
122317
122467
122767
123067
123367
123667
123967
124267
124567
124717
124867
125167
125467
125767
126067
126367
126667
126817
126967
127267
127417
127567
127867
128167
128467
128767
129067
129367
129667
130267
130567
130717
130867
131167
131467
131767
132067
132367
132667
132967
133117
133267
133567
133867
134167
134467
134617
134767
134917
135067
135367
135667
135967
136117
136267
136567
136867
137167
137467
137767
137917
138067
138367
138667
138967
139117
139267
139417
139567
139717
139867
140167
140317
140467
140767
141067
141367
141667
141967
142267
142567
142717
142867
143167
143467
143767
144067
144217
144367
144517
144667
144967
145267
145567
145717
145867
146167
146467
146767
147067
147367
147517
147667
147967
148267
148417
148567
148717
148867
149167
149467
153067
153367
153667
153817
154117
154267
154567
154867
155467
155767
156067
156217
156517
156667
156967
157267
157867
158167
158467
158617
158917
159067
159367
159667
160267
160567
160867
161017
161317
161467
161767
162067
162667
162967
163117
163267
163417
163717
163867
164167
164467
165067
165367
165517
165667
165817
166117
166267
166567
166867
167467
167767
167917
168067
168217
168517
168667
168967
169267
169867
170167
170317
170467
170617
170767
170917
171067
171217
171367
171517
171667
171817
171967
172117
172267
172567
172867
173167
173467
173767
173917
174067
174367
174667
174967
175267
175567
175867
176167
176317
176467
176767
176917
177067
177367
177667
177817
177967
178117
178267
178567
178867
179017
179167
179317
179467
179767
180067
180367
180667
180817
180967
181267
181417
181567
181717
181867
182167
182467
182767
182917
183067
183367
183667
183967
184267
184567
184867
185167
185317
185467
185767
186067
186367
186667
186967
187267
187567
187717
187867
188167
188467
188767
189067
189367
189517
189667
189817
189967
190267
190567
190717
190867
191017
191167
191467
191767
191917
192067
192367
192667
192967
193267
193567
193867
194167
194317
194467
194767
195067
195367
195667
195817
195967
196117
196267
196567
196867
197167
197317
197467
197767
198067
198367
198667
198967
199117
199267
199567
199867
200167
200317
200467
200617
200767
200917
201067
201367
201517
201667
201967
202267
202567
202867
203167
203467
203767
203917
204067
204367
204667
204967
205267
205417
205567
205717
205867
206167
206467
206767
206917
207067
207367
207667
207967
208267
208567
208717
208867
209167
209467
209617
209767
209917
210067
210217
210367
210517
211567
212167
212467
212767
213067
213217
213367
213517
213667
213967
214267
214567
214867
215017
215167
215467
215617
215767
216067
216367
216517
216667
216967
217267
217567
217717
217867
218167
218467
218617
218767
218917
219067
219367
219667
219817
219967
220117
220267
220567
220867
221167
221317
221467
221767
222067
222367
222517
222817
222967
223267
223567
223717
224017
224167
224467
224767
225067
225367
225517
225667
225967
226417
226567
226867
227167
227317
227617
227767
228067
228367
228517
228667
228967
229267
229567
229717
229867
230017
230167
230317
230467
230767
231367
231967
232567
232867
233167
233767
234367
234967
235267
235567
236167
236467
236767
237367
237667
237967
238567
238867
239167
239467
239767
239917
240067
240367
240667
240967
241267
241567
241867
242167
242317
242467
242767
243067
243367
243667
243967
244267
244567
244717
244867
245167
245467
245767
245917
246067
246367
246667
246967
247267
247567
247717
247867
248017
248167
248317
248467
248767
248917
249067
249217
249367
249517
249667
