3067
4267
5467
6667
7867
9067
10267
10867
11167
11467
12067
12367
12667
12967
13567
14167
14767
15067
15367
15967
16567
17167
17467
17767
18367
18667
18967
19567
19867
20167
20767
21067
21367
21667
21967
22267
22567
23167
23767
24367
24667
24967
25567
26167
26767
27067
27367
27967
28267
28567
29167
29467
29767
30367
30667
30967
31267
31567
31717
31867
32167
32767
33367
33967
34267
34567
35167
35767
36367
36667
36967
37567
37867
38167
38767
39067
39367
39667
39967
40267
40567
40717
40867
41167
41467
41767
42367
42667
42967
43567
43867
44167
44767
45067
45367
45667
45967
46117
46267
46567
47167
47467
47767
48367
48667
48967
49567
49867
50167
50467
50767
50917
51067
51367
51967
52267
52567
53167
53467
53767
54067
54367
54667
54967
55567
55867
56167
56467
56767
57067
57367
57667
57967
58267
58567
58717
58867
59167
59467
59767
60067
60367
63067
63367
63667
63967
64267
64567
64867
65167
65317
65467
65767
66067
66367
66667
66967
67267
67567
67717
67867
68167
68467
68767
68917
69067
69367
69667
69967
70117
70267
70567
70867
71167
71467
71767
72067
72217
72367
72517
72667
72967
73267
73567
73867
74167
74467
74767
74917
75067
75367
75667
75967
76267
76567
76867
77167
77317
77467
77767
78067
78367
78517
78667
78967
79267
79567
79717
79867
80167
80467
80767
81067
81367
81667
81967
82267
82567
83167
83467
83767
84367
84667
84967
85567
85867
86167
86467
86767
87067
87367
87967
88267
88567
89167
89467
89767
90367
90667
90967
91117
91267
91567
91867
92167
92767
93367
93967
94267
94567
95167
95767
96367
96667
96967
97567
98167
98767
99067
99367
99667
99967
100267
100567
100717
100867
101167
101467
101767
102367
102967
103567
103867
104167
104767
105367
105667
105967
106267
106567
107167
107767
108367
108667
108967
109267
109567
109867
110167
110317
110467
110767
111067
111367
111967
112267
112567
113167
113467
113767
114367
114667
114967
115267
115567
115717
115867
116167
116767
117067
117367
117967
118267
118567
118867
119167
119467
119767
120067
120367
120517
120667
120967
121567
121867
122167
122767
123067
123367
123967
124267
124567
125167
125467
125767
126067
126367
126667
126967
127267
127567
127867
128167
128467
128767
129067
129367
129667
129817
129967
130117
130267
130567
130867
131167
131467
131767
132067
132367
132517
132667
132967
133267
133567
133867
134167
134467
134767
134917
135067
135367
135667
135967
136117
136267
136567
136867
137167
137317
137467
137767
138067
138367
138667
138967
139267
139417
139567
139717
139867
140167
140467
140767
141067
141367
141667
141967
142117
142267
142567
142867
143167
143467
143767
144067
144367
144517
144667
144967
145267
145567
145717
145867
146167
146467
146767
146917
147067
147367
147667
147967
148267
148567
148867
149167
149467
153067
153367
153667
154117
154567
154867
155467
155767
156067
156517
156967
157267
157867
158167
158467
158917
159367
159667
160267
160567
160867
161317
161767
162067
162667
162967
163267
163717
164167
164467
165067
165367
165667
166117
166567
166867
167467
167767
168067
168517
168967
169267
169867
170167
170317
170467
170767
170917
171067
171367
171667
171967
172267
172567
173167
173767
174367
174667
174967
175567
176167
176767
177067
177367
177967
178267
178567
179167
179467
179767
180367
180667
180967
181267
181567
181717
181867
182167
182467
182767
183067
183367
183667
183967
184267
184567
184867
185167
185467
185767
186067
186367
186667
186967
187267
187567
187867
188167
188467
188767
189067
189367
189517
189667
189967
190267
190567
190717
190867
191167
191467
191767
192367
192967
193567
193867
194167
194767
195367
195967
196267
196567
197167
197767
198367
198667
198967
199567
199867
200167
200467
200767
200917
201067
201367
201967
202567
203167
203467
203767
204367
204967
205567
205867
206167
206767
207367
207967
208267
208567
209167
209467
209767
210067
210367
210517
211567
212167
212767
213067
213367
213517
213667
213967
214267
214567
214867
215167
215467
215767
215917
216067
216367
216967
217267
217567
218167
218467
218767
219067
219367
219667
219967
220267
220567
220717
220867
221167
221467
221767
222067
222367
222817
222967
223267
223567
224017
224167
224467
224767
225067
225367
225517
225667
225967
226417
226567
226867
227167
227617
227767
228067
228367
228667
228967
229267
229567
229717
229867
230167
230467
230767
231367
231967
232567
232867
233167
233767
234367
234967
235267
235567
236167
236767
237367
237667
237967
238567
238867
239167
239467
239767
239917
240067
240367
240967
241567
242167
242467
242767
243367
243667
243967
244567
244867
245167
245767
246067
246367
246967
247267
247567
247717
247867
248167
248467
248767
248917
249067
249367
249667
